year,1
1902,
1903,
1908,
1915,
1916,
1917,
1919,
1920,
1921,
1922,0.5974246761348433
1923,
1924,
1925,
1926,
1927,
1928,
1929,
1930,1.1992118498207778
1931,0.3822348075650756
1932,
1933,0.7534843205574908
1934,
1935,
1936,
1937,
1938,1.1022082896459249
1939,1.2446002151215116
1940,1.2543277604457759
1941,1.348927585929028
1942,1.0817623365870555
1943,
1944,
1945,1.3445746833243097
1946,0.0054577105514387455
1947,0.029512312911088193
1948,
1949,
1950,
1951,1.2921263746304485
1952,1.0587578066673988
1953,
1954,
1955,
1956,
1957,
1958,
1959,0.16330748939086429
1960,-2.1114809481729986
1961,
1962,0.5942670423086096
1963,1.7118360512383282
1964,1.183813108956437
1965,1.2425462738051116
1966,
1967,1.2904645419960241
1968,1.252624727146631
1969,0.299043165058708
1970,1.2554665625359802
1971,1.3773290834463707
1972,
1973,1.4726766335082357
1974,0.9065067175650969
1975,-0.33720691182939233
1976,0.24078360501452503
1977,0.4044313465505225
1978,1.0113476837334654
1979,0.8689052277612136
1980,0.7572190452800669
1981,1.3178191229997485
1982,1.3009233818717696
1983,1.3498568758820093
1984,1.4356420423900091
1985,0.5855671469511449
1986,0.9405726393743609
1987,1.034146312064809
1988,0.7410359507900695
1989,1.0922741288984348
1990,0.9342613784088902
1991,0.6555377212949909
1992,-0.0020511781718111355
1993,0.808907629708971
1994,0.04849187872735901
1995,1.3649191196397874
1996,0.5504243253084562
1997,0.557274466777542
1998,0.9761246551808133
1999,0.8769022526882698
2000,1.2855335152661043
2001,
2002,
2003,
2004,
2005,
2006,
2007,
2008,
2009,
2010,
2011,
2012,
2013,
2014,
2015,
2016,
2017,
2018,
